	HSF1	HSF2	HSF3	HSF5	HSF6	HSF7	HSF8	MSB1	MSB2	MSB3	MSB4	MSB6	MSB7	MSB8
HSF1	0.0	0.255441384635	0.337595697443	0.293075469981	0.322465172038	0.346753148587	0.215412477094	0.338512295765	0.216170388928	0.259305116294	0.257596538733	0.196737774076	0.282151095021	0.377953111424
HSF2	0.255441384635	0.0	0.230793213302	0.29424682322	0.277920684949	0.156412256039	0.135261965785	0.433668191837	0.27538336836	0.353324788877	0.353977158326	0.255873293394	0.293079222785	0.189385864035
HSF3	0.337595697443	0.230793213302	0.0	0.311837341577	0.220293864932	0.123636242712	0.212356706606	0.547575341193	0.359164908695	0.454436938553	0.483011978599	0.374255881976	0.291842523867	0.219910089063
HSF5	0.293075469981	0.29424682322	0.311837341577	0.0	0.182986453514	0.314051827385	0.295205341834	0.579731516627	0.409524770936	0.491758847312	0.446995140642	0.380703814955	0.298165801243	0.341149975652
HSF6	0.322465172038	0.277920684949	0.220293864932	0.182986453514	0.0	0.210245977446	0.314284361504	0.599478667265	0.416143791888	0.516876352278	0.470510609342	0.404400568975	0.303922660345	0.285325873646
HSF7	0.346753148587	0.156412256039	0.123636242712	0.314051827385	0.210245977446	0.0	0.209198311014	0.536680872045	0.350022614852	0.45201206638	0.461161715256	0.350802220158	0.279124911258	0.158747834946
HSF8	0.215412477094	0.135261965785	0.212356706606	0.295205341834	0.314284361504	0.209198311014	0.0	0.395526793746	0.254839188185	0.293611347472	0.321408813353	0.206186196578	0.271662232972	0.21374756071
MSB1	0.338512295765	0.433668191837	0.547575341193	0.579731516627	0.599478667265	0.536680872045	0.395526793746	0.0	0.364324779906	0.144796074197	0.216490382521	0.292737212789	0.505758302044	0.547940045492
MSB2	0.216170388928	0.27538336836	0.359164908695	0.409524770936	0.416143791888	0.350022614852	0.254839188185	0.364324779906	0.0	0.293320413276	0.300642767989	0.248833274813	0.339334406356	0.354421127058
MSB3	0.259305116294	0.353324788877	0.454436938553	0.491758847312	0.516876352278	0.45201206638	0.293611347472	0.144796074197	0.293320413276	0.0	0.166603146665	0.206027340937	0.390310248606	0.451610886141
MSB4	0.257596538733	0.353977158326	0.483011978599	0.446995140642	0.470510609342	0.461161715256	0.321408813353	0.216490382521	0.300642767989	0.166603146665	0.0	0.163916976998	0.377071833152	0.45981215288
MSB6	0.196737774076	0.255873293394	0.374255881976	0.380703814955	0.404400568975	0.350802220158	0.206186196578	0.292737212789	0.248833274813	0.206027340937	0.163916976998	0.0	0.263100111488	0.343890301147
MSB7	0.282151095021	0.293079222785	0.291842523867	0.298165801243	0.303922660345	0.279124911258	0.271662232972	0.505758302044	0.339334406356	0.390310248606	0.377071833152	0.263100111488	0.0	0.253169395143
MSB8	0.377953111424	0.189385864035	0.219910089063	0.341149975652	0.285325873646	0.158747834946	0.21374756071	0.547940045492	0.354421127058	0.451610886141	0.45981215288	0.343890301147	0.253169395143	0.0