	B1	B2	B3	B5	B6	B7	B8	D7B1	D7B2	D7B3	D7B4	D7B5	D7B6	D7B7	D7B8	D7F1	D7F2	D7F3	D7F4	D7F5	D7F6	D7F7	D7F8	E19B1	E19B2	E19B3	E19B4	E19B5	E19B6	E19B8	E19F1	E19F2	E19F3	E19F4	E19F5	E19F6	E19F7	E19F8	F1	F2	F3	F4	F5	F6	F7	F8	HSF1	HSF2	HSF3	HSF4	HSF5	HSF6	HSF7	HSF8	KB1	KB2	KB3	KB4	KB5	KB6	KB7	KB8	KF1	KF2	KF3	KF4	KF5	KF6	KF7	KF8	MSB1	MSB2	MSB3	MSB4	MSB5	MSB6	MSB7	MSB8	TB1	TB2	TB3	TB4	TB5	TB6	TB7	TB8	TF1	TF2	TF3	TF4	TF5	TF6	TF7	TF8	XB1	XB2	XB3	XB6	XB7	XB8	XF1	XF2	XF3	XF4	XF5	XF6	XF7	XF8	pwB1	pwB2	pwB3	pwB4	pwB5	pwB6	pwB8	pwF1	pwF2	pwF3	pwF4	pwF5	pwF6	pwF7	pwF8
B1	0.0	0.774193548387	0.770114942529	0.676470588235	0.822580645161	0.819444444444	0.753246753247	0.987688098495	0.985460420032	0.989598811293	0.981818181818	0.985736925515	0.989115646259	0.989247311828	0.985790408526	0.986342943854	0.989230769231	0.989071038251	0.985507246377	0.98623853211	0.99173553719	0.983772819473	0.985416666667	0.883333333333	0.866666666667	0.902255639098	0.84328358209	0.856	0.825757575758	0.846153846154	0.905109489051	0.856060606061	0.925925925926	0.924590163934	0.929618768328	0.888349514563	0.929487179487	0.89756097561	0.84328358209	0.874015748031	0.872340425532	0.814814814815	0.837606837607	0.846846846847	0.820512820513	0.833333333333	0.991071428571	0.990049751244	0.991507430998	0.945205479452	0.9906291834	0.990231990232	0.990702479339	0.990185387132	0.912408759124	0.959114139693	0.957798165138	0.966135458167	0.931232091691	0.922807017544	0.936877076412	0.934782608696	0.968543046358	0.95894909688	0.972413793103	0.970338983051	0.945512820513	0.969202898551	0.965517241379	0.961620469083	0.989781021898	0.987849331713	0.990708478513	0.990024937656	0.988871224165	0.994882292733	0.994263862333	0.992616033755	0.862745098039	0.865384615385	0.830188679245	0.826086956522	0.818181818182	0.829787234043	0.791666666667	0.808510638298	0.9	0.867924528302	0.867924528302	0.877192982456	0.901960784314	0.88679245283	0.88679245283	0.894736842105	0.940700808625	0.907749077491	0.936090225564	0.969639468691	0.885416666667	0.918918918919	0.961352657005	0.952727272727	0.968652037618	0.958661417323	0.947916666667	0.931034482759	0.94623655914	0.971830985915	0.775	0.852941176471	0.852459016393	0.860606060606	0.923588039867	0.8625	0.875816993464	0.912408759124	0.951127819549	0.949119373777	0.94025974026	0.89406779661	0.895652173913	0.911214953271	0.91235059761
B2	0.774193548387	0.0	0.644859813084	0.666666666667	0.748299319728	0.757575757576	0.72380952381	0.990920881971	0.990909090909	0.992987377279	0.985386221294	0.98956780924	0.992258064516	0.99162479062	0.988372093023	0.989985693848	0.992753623188	0.991496598639	0.988962472406	0.989473684211	0.996088657106	0.988742964353	0.986486486486	0.861904761905	0.875	0.865979381443	0.83734939759	0.839743589744	0.83734939759	0.865921787709	0.906976744186	0.875	0.924791086351	0.913946587537	0.913746630728	0.901234567901	0.896142433234	0.890756302521	0.884393063584	0.760273972603	0.847953216374	0.797101449275	0.757142857143	0.805755395683	0.828828828829	0.7734375	0.989024390244	0.990498812352	0.991836734694	0.950819672131	0.989795918367	0.989485981308	0.990049751244	0.991631799163	0.916129032258	0.9616	0.951557093426	0.949056603774	0.9296875	0.938461538462	0.931343283582	0.925566343042	0.962323390895	0.935023771791	0.970779220779	0.959294436906	0.936231884058	0.955249569707	0.959090909091	0.954183266932	0.98891966759	0.987209302326	0.991101223582	0.991676575505	0.992526158445	0.994082840237	0.994464944649	0.992900608519	0.933333333333	0.922222222222	0.913043478261	0.93023255814	0.904255319149	0.918604651163	0.896551724138	0.919540229885	0.949494949495	0.934782608696	0.934782608696	0.948453608247	0.931818181818	0.945652173913	0.934065934066	0.936842105263	0.927860696517	0.901315789474	0.937086092715	0.971681415929	0.925925925926	0.913242009132	0.953020134228	0.938110749186	0.969101123596	0.955801104972	0.92899408284	0.929054054054	0.93300248139	0.964010282776	0.876033057851	0.892857142857	0.872727272727	0.852791878173	0.90303030303	0.9	0.888888888889	0.916129032258	0.939501779359	0.931226765799	0.925301204819	0.904761904762	0.902255639098	0.9203187251	0.920138888889
B3	0.770114942529	0.644859813084	0.0	0.609195402299	0.698529411765	0.681818181818	0.690721649485	0.994784876141	0.993893129771	0.995762711864	0.989451476793	0.994002998501	0.993498049415	0.994932432432	0.993311036789	0.994244604317	0.995620437956	0.994854202401	0.995545657016	0.991471215352	0.997371879106	0.990512333966	0.990253411306	0.868292682927	0.887755102041	0.858657243816	0.851851851852	0.855263157895	0.8375	0.867052023121	0.916167664671	0.876543209877	0.941340782123	0.908814589666	0.918032786885	0.898305084746	0.903903903904	0.906382978723	0.879518072289	0.711111111111	0.834355828221	0.7578125	0.744360902256	0.738095238095	0.794117647059	0.760330578512	0.996336996337	0.997621878716	0.996932515337	0.948863636364	0.998724489796	0.998833138856	0.996015936255	0.995802728227	0.928338762215	0.954397394137	0.947275922671	0.958333333333	0.934036939314	0.930379746835	0.945945945946	0.934426229508	0.96682464455	0.942766295707	0.96875	0.963165075034	0.953488372093	0.96013864818	0.958429561201	0.95564516129	0.995833333333	0.993006993007	0.996655518395	0.997616209774	0.998498498498	0.998021760633	0.99814986124	0.996948118006	0.927710843373	0.928571428571	0.918604651163	0.924050632911	0.896551724138	0.911392405063	0.8875	0.9125	0.934065934066	0.916666666667	0.916666666667	0.932584269663	0.925925925926	0.928571428571	0.915662650602	0.919540229885	0.934673366834	0.90635451505	0.953333333333	0.978647686833	0.921875	0.915492957746	0.961711711712	0.957516339869	0.965517241379	0.955223880597	0.940711462451	0.919860627178	0.934508816121	0.96875	0.878260869565	0.911764705882	0.879069767442	0.859375	0.930722891566	0.896373056995	0.896739130435	0.91059602649	0.94633273703	0.932330827068	0.929268292683	0.906367041199	0.912213740458	0.918032786885	0.914285714286
B5	0.676470588235	0.666666666667	0.609195402299	0.0	0.730158730159	0.697368421053	0.607594936709	0.9906291834	0.988976377953	0.994202898551	0.984615384615	0.989180834621	0.990666666667	0.99127399651	0.986135181976	0.98962962963	0.992492492492	0.992920353982	0.990697674419	0.988913525499	0.99460916442	0.986220472441	0.985829959514	0.880208333333	0.883333333333	0.875	0.850340136054	0.85401459854	0.850340136054	0.837662337662	0.913907284768	0.892617449664	0.935294117647	0.914285714286	0.914040114613	0.895454545455	0.902208201893	0.904109589041	0.880794701987	0.792307692308	0.838926174497	0.786324786325	0.790322580645	0.786324786325	0.808988764045	0.768518518519	0.992490613267	0.992682926829	0.992685475444	0.943396226415	0.993446920052	0.992814371257	0.991861648016	0.991416309013	0.924137931034	0.958333333333	0.953237410072	0.954901960784	0.933884297521	0.93	0.922580645161	0.923076923077	0.967585089141	0.95145631068	0.974789915966	0.963737796374	0.941358024691	0.966312056738	0.961722488038	0.964876033058	0.989985693848	0.989260143198	0.99200913242	0.991432068543	0.992248062016	0.994954591322	0.995287464656	0.994813278008	0.909090909091	0.893939393939	0.882352941176	0.903225806452	0.871428571429	0.887096774194	0.875	0.888888888889	0.947368421053	0.911764705882	0.927536231884	0.931506849315	0.939393939394	0.942028985507	0.926470588235	0.930555555556	0.937336814621	0.912280701754	0.939285714286	0.972324723247	0.90990990991	0.902564102564	0.957746478873	0.955017301038	0.96686746988	0.961759082218	0.947261663286	0.918819188192	0.939947780679	0.972899728997	0.845360824742	0.889830508475	0.857142857143	0.858757062147	0.920127795527	0.898876404494	0.879518072289	0.916666666667	0.950458715596	0.946462715105	0.937027707809	0.913043478261	0.897119341564	0.921397379913	0.916981132075
B6	0.822580645161	0.748299319728	0.698529411765	0.730158730159	0.0	0.76	0.732824427481	0.984962406015	0.985465116279	0.986486486486	0.978303747535	0.982808022923	0.986284289277	0.987220447284	0.984152139461	0.98347107438	0.987465181058	0.983739837398	0.979166666667	0.980079681275	0.988650693569	0.978533094812	0.977981651376	0.870833333333	0.872807017544	0.861635220126	0.852040816327	0.860962566845	0.869346733668	0.864734299517	0.905472636816	0.866666666667	0.917098445596	0.909589041096	0.901515151515	0.884328358209	0.899182561308	0.883018867925	0.863636363636	0.754385964912	0.831632653061	0.8	0.781065088757	0.807228915663	0.851063829787	0.803797468354	0.984669811321	0.986206896552	0.989098116947	0.948356807512	0.983970406905	0.981838819523	0.986447241045	0.986775178026	0.91124260355	0.949074074074	0.93489148581	0.938738738739	0.914215686275	0.919770773639	0.916666666667	0.916666666667	0.957894736842	0.933333333333	0.954474097331	0.956919060052	0.930294906166	0.950738916256	0.943965517241	0.941064638783	0.98670212766	0.983108108108	0.984864864865	0.987341772152	0.988538681948	0.989433237272	0.991913746631	0.989151873767	0.942148760331	0.933884297521	0.926829268293	0.921739130435	0.911290322581	0.931623931624	0.905982905983	0.932203389831	0.9375	0.916666666667	0.925619834711	0.91935483871	0.941176470588	0.94262295082	0.933884297521	0.927419354839	0.928240740741	0.913946587537	0.943113772455	0.968013468013	0.927272727273	0.906882591093	0.95178197065	0.937685459941	0.958224543081	0.93982300885	0.923220973783	0.929447852761	0.933025404157	0.964285714286	0.857142857143	0.886904761905	0.875502008032	0.853333333333	0.914600550964	0.875	0.889908256881	0.894894894895	0.933786078098	0.931338028169	0.913636363636	0.889261744966	0.886597938144	0.913978494624	0.897106109325
B7	0.819444444444	0.757575757576	0.681818181818	0.697368421053	0.76	0.0	0.734939759036	0.995978552279	0.995268138801	0.997088791849	0.991169977925	0.995356037152	0.994652406417	0.99649737303	0.994800693241	0.995548961424	0.996987951807	0.998223801066	0.997663551402	0.995545657016	0.997293640054	0.99209486166	0.993914807302	0.90625	0.898876404494	0.913357400722	0.891891891892	0.857142857143	0.884353741497	0.87012987013	0.94701986755	0.918918918919	0.965217391304	0.940251572327	0.940509915014	0.9375	0.931464174455	0.941441441441	0.906666666667	0.830769230769	0.864864864865	0.838983050847	0.811475409836	0.818965517241	0.877777777778	0.825688073394	0.994974874372	0.995104039168	0.995811518325	0.98125	0.997371879106	0.995192307692	0.994903160041	0.993541442411	0.945017182131	0.971807628524	0.964093357271	0.966731898239	0.950549450549	0.943143812709	0.948881789137	0.940559440559	0.975688816856	0.964573268921	0.978040540541	0.969273743017	0.963190184049	0.976991150442	0.976133651551	0.973084886128	0.994261119082	0.991616766467	0.993119266055	0.99509202454	0.995327102804	0.996963562753	0.997164461248	0.995833333333	0.91935483871	0.920634920635	0.907692307692	0.913793103448	0.89552238806	0.896551724138	0.901639344262	0.898305084746	0.958333333333	0.954545454545	0.954545454545	0.942028985507	0.951612903226	0.953846153846	0.953846153846	0.941176470588	0.958549222798	0.944636678201	0.960854092527	0.977777777778	0.915887850467	0.922680412371	0.97668997669	0.9723183391	0.9726443769	0.971319311663	0.955284552846	0.960288808664	0.958441558442	0.963988919668	0.86170212766	0.884955752212	0.92118226601	0.899441340782	0.946202531646	0.914772727273	0.90303030303	0.937716262976	0.967213114754	0.958015267176	0.962686567164	0.937007874016	0.948	0.956896551724	0.959409594096
B8	0.753246753247	0.72380952381	0.690721649485	0.607594936709	0.732824427481	0.734939759036	0.0	0.982597054886	0.981132075472	0.984034833091	0.971428571429	0.979907264297	0.984021304927	0.979020979021	0.975736568458	0.980740740741	0.983483483483	0.982300884956	0.976744186047	0.973333333333	0.986522911051	0.976424361493	0.977822580645	0.860824742268	0.887096774194	0.881720430108	0.856209150327	0.835714285714	0.848684210526	0.836477987421	0.903225806452	0.844594594595	0.92082111437	0.902208201893	0.90625	0.888392857143	0.907407407407	0.891891891892	0.856209150327	0.783582089552	0.822368421053	0.786885245902	0.790697674419	0.766666666667	0.782608695652	0.747747747748	0.984981226533	0.985365853659	0.988529718457	0.925925925926	0.986910994764	0.986842105263	0.985757884028	0.986066452304	0.93288590604	0.953565505804	0.95	0.949317738791	0.926229508197	0.93137254902	0.930817610063	0.924657534247	0.961227786753	0.941747572816	0.964705882353	0.959722222222	0.935975609756	0.959363957597	0.957345971564	0.954639175258	0.984308131241	0.982100238663	0.986316989738	0.986568986569	0.984520123839	0.989919354839	0.990583804143	0.988589211618	0.885714285714	0.902777777778	0.845070422535	0.861538461538	0.881578947368	0.880597014925	0.869565217391	0.865671641791	0.911392405063	0.904109589041	0.904109589041	0.88	0.914285714286	0.902777777778	0.917808219178	0.907894736842	0.927272727273	0.902777777778	0.936842105263	0.965073529412	0.885964912281	0.9	0.946135831382	0.937931034483	0.951951951952	0.950286806883	0.932926829268	0.920577617329	0.935400516796	0.959459459459	0.831683168317	0.858333333333	0.866995073892	0.837988826816	0.893890675241	0.896174863388	0.883720930233	0.907216494845	0.9375	0.930902111324	0.913705583756	0.898039215686	0.904	0.909482758621	0.90671641791
D7B1	0.987688098495	0.990920881971	0.994784876141	0.9906291834	0.984962406015	0.995978552279	0.982597054886	0.0	0.681632653061	0.68105986261	0.71147161066	0.703777335984	0.652298850575	0.710084033613	0.701366982124	0.671984047856	0.684262948207	0.661909989023	0.711058263971	0.692671394799	0.661553211889	0.679138321995	0.72817679558	0.977541371158	0.985697258641	0.986214209968	0.980074719801	0.986180904523	0.983870967742	0.981572481572	0.957746478873	0.934640522876	0.831408775982	0.879096045198	0.87908496732	0.934367541766	0.914036996736	0.941736028537	0.978802992519	0.993765586035	0.951592356688	0.979381443299	0.973042362003	0.975420439845	0.990654205607	0.975130890052	0.8132137031	0.827640984909	0.834657039711	0.940414507772	0.825186412593	0.824132492114	0.821120689655	0.816964285714	0.926339285714	0.854447439353	0.881017257039	0.878672985782	0.90611814346	0.915083798883	0.917491749175	0.917514124294	0.862068965517	0.873263888889	0.870967741935	0.835284280936	0.890502793296	0.879090909091	0.890481064483	0.88360814743	0.78276481149	0.846687211094	0.787183544304	0.8208	0.879310344828	0.826799714897	0.83185840708	0.811306901615	0.99020979021	0.991631799163	0.986033519553	0.98730606488	0.990304709141	0.990168539326	0.993026499303	0.990182328191	0.991712707182	0.990237099024	0.988826815642	0.986072423398	0.993006993007	0.991631799163	0.991631799163	0.987465181058	0.90805785124	0.943894389439	0.934758155231	0.852661596958	0.985526315789	0.953995157385	0.876796714579	0.924293785311	0.918300653595	0.869194312796	0.896128423041	0.981641468683	0.921348314607	0.906482465462	0.97855227882	0.97908496732	0.938031591738	0.954601226994	0.915477497256	0.960687960688	0.965346534653	0.916666666667	0.925241864556	0.934338952972	0.916076845298	0.969933184855	0.958002270148	0.953325554259	0.951901565996
D7B2	0.985460420032	0.990909090909	0.993893129771	0.988976377953	0.985465116279	0.995268138801	0.981132075472	0.681632653061	0.0	0.701791359326	0.730964467005	0.662177328844	0.740272373541	0.694736842105	0.720956719818	0.699360341151	0.732704402516	0.689940828402	0.705725699068	0.665771812081	0.728712871287	0.687032418953	0.715698393078	0.974114441417	0.982093663912	0.984356197353	0.98273381295	0.985401459854	0.979797979798	0.977175463623	0.961538461538	0.933232169954	0.852040816327	0.895859473024	0.892512077295	0.937414965986	0.920828258222	0.942934782609	0.978323699422	0.992753623188	0.945103857567	0.975903614458	0.973134328358	0.972809667674	0.990595611285	0.972434915773	0.857993197279	0.85666387259	0.868123587038	0.936746987952	0.854385964912	0.861271676301	0.855538922156	0.850699844479	0.934837092732	0.883877159309	0.89872173058	0.894736842105	0.911764705882	0.928927680798	0.927429274293	0.920918367347	0.884140550807	0.899814471243	0.896153846154	0.876315789474	0.909653465347	0.895566502463	0.911534154535	0.901691331924	0.820853080569	0.87030995106	0.833333333333	0.863105175292	0.906077348066	0.8670605613	0.868829337094	0.85137195122	0.986710963455	0.990082644628	0.983443708609	0.984924623116	0.988524590164	0.988333333333	0.99173553719	0.988352745424	0.990196078431	0.988429752066	0.986754966887	0.983498349835	0.990033222591	0.990082644628	0.990082644628	0.985148514851	0.91628440367	0.94396014944	0.943037974684	0.88036809816	0.981452859351	0.951185495119	0.897867564534	0.927203065134	0.912345679012	0.889003083248	0.911431513903	0.976600985222	0.930917327293	0.913507109005	0.979591836735	0.97549770291	0.940194714882	0.954802259887	0.918518518519	0.964739069111	0.962750716332	0.922686945501	0.937799043062	0.935483870968	0.927374301676	0.968274111675	0.961340206186	0.954727030626	0.950381679389
D7B3	0.989598811293	0.992987377279	0.995762711864	0.994202898551	0.986486486486	0.997088791849	0.984034833091	0.68105986261	0.701791359326	0.0	0.699629171817	0.691903259727	0.70106075217	0.715071507151	0.676801801802	0.706002034588	0.646995708155	0.685941043084	0.683804627249	0.708641975309	0.655935613682	0.686087990488	0.726954492415	0.977128335451	0.98459563543	0.986425339367	0.982573726542	0.986431478969	0.981208053691	0.980106100796	0.96	0.929078014184	0.831901840491	0.868932038835	0.878472222222	0.933418693982	0.911832946636	0.934531450578	0.978465679677	0.994616419919	0.949035812672	0.977653631285	0.970792767733	0.974789915966	0.989840348331	0.974468085106	0.824768323505	0.814070351759	0.817351598174	0.935393258427	0.820156385752	0.827049180328	0.823660714286	0.810264385692	0.915865384615	0.840648854962	0.861030126336	0.857578840285	0.889772727273	0.906362545018	0.902612826603	0.892725030826	0.838068181818	0.864220183486	0.854961832061	0.82347749338	0.873188405797	0.847740667976	0.874725274725	0.876416065911	0.778510838831	0.830756712775	0.803411860276	0.807757166948	0.876811594203	0.829520295203	0.823863636364	0.828700225394	0.992389649924	0.992401215805	0.987841945289	0.989247311828	0.990950226244	0.992354740061	0.993920972644	0.992366412214	0.993993993994	0.992412746586	0.990881458967	0.987878787879	0.995433789954	0.992401215805	0.993930197269	0.989393939394	0.894678492239	0.9336492891	0.91564792176	0.839068825911	0.976978417266	0.940711462451	0.872410032715	0.913520097442	0.902352941176	0.856710393542	0.880928355197	0.979190751445	0.904290429043	0.886206896552	0.97667638484	0.97439544808	0.933158584535	0.952380952381	0.908235294118	0.954787234043	0.96256684492	0.90799031477	0.923076923077	0.934640522876	0.912996777658	0.967780429594	0.957472660996	0.951127819549	0.943373493976
D7B4	0.981818181818	0.985386221294	0.989451476793	0.984615384615	0.978303747535	0.991169977925	0.971428571429	0.71147161066	0.730964467005	0.699629171817	0.0	0.702564102564	0.706496519722	0.689075630252	0.675561797753	0.691823899371	0.682458386684	0.748987854251	0.68	0.687096774194	0.685714285714	0.716176470588	0.708270676692	0.965703971119	0.974311926606	0.981595092025	0.972709551657	0.980198019802	0.976699029126	0.967307692308	0.943319838057	0.919421487603	0.787878787879	0.852459016393	0.859133126935	0.907272727273	0.889937106918	0.918625678119	0.968688845401	0.990196078431	0.925101214575	0.964803312629	0.959016393443	0.96265560166	0.98021978022	0.961945031712	0.841633466135	0.848249027237	0.839332748025	0.913223140496	0.845128205128	0.837051406402	0.840068787618	0.830630630631	0.908794788274	0.835308056872	0.860606060606	0.850322580645	0.87969924812	0.89233278956	0.898089171975	0.893687707641	0.830787309048	0.863276836158	0.862514688602	0.817400644468	0.858306188925	0.859393939394	0.873399715505	0.869736842105	0.815144766147	0.850190839695	0.8147086915	0.829702970297	0.871220604703	0.841745081266	0.857142857143	0.831866197183	0.978622327791	0.983490566038	0.971563981043	0.975961538462	0.981351981352	0.983333333333	0.985849056604	0.980952380952	0.983758700696	0.983529411765	0.981132075472	0.978922716628	0.985781990521	0.985882352941	0.985882352941	0.981264637002	0.884839650146	0.926045016077	0.906510851419	0.83883248731	0.976495726496	0.930841121495	0.870422535211	0.9	0.892575039494	0.85368956743	0.88137755102	0.973186119874	0.892753623188	0.876524390244	0.957871396896	0.959574468085	0.916201117318	0.937381404175	0.903937007874	0.942748091603	0.95183044316	0.890728476821	0.918604651163	0.916567342074	0.890469416785	0.951986754967	0.93537414966	0.938596491228	0.930348258706
D7B5	0.985736925515	0.98956780924	0.994002998501	0.989180834621	0.982808022923	0.995356037152	0.979907264297	0.703777335984	0.662177328844	0.691903259727	0.702564102564	0.0	0.744476464938	0.688372093023	0.701372997712	0.676691729323	0.684267241379	0.695804195804	0.679194630872	0.667549668874	0.700100300903	0.693251533742	0.696029776675	0.974530831099	0.982384823848	0.984578884935	0.980141843972	0.984195402299	0.981586402266	0.977559607293	0.963715529753	0.929640718563	0.824742268041	0.879396984925	0.878019323671	0.929824561404	0.914147521161	0.935309973046	0.978693181818	0.994310099573	0.94298245614	0.974814814815	0.969072164948	0.967164179104	0.990769230769	0.969834087481	0.856540084388	0.862809917355	0.865917602996	0.937869822485	0.869639794168	0.857963875205	0.863569321534	0.852963818322	0.931846344486	0.87236084453	0.89453125	0.885802469136	0.909196740396	0.923362175525	0.925880923451	0.920754716981	0.872744539411	0.888682745826	0.888888888889	0.856763925729	0.900246305419	0.881539980257	0.906666666667	0.904066736184	0.831627906977	0.878812199037	0.849919743178	0.863523573201	0.896044158234	0.870708546384	0.873082287308	0.85960960961	0.988617886179	0.990275526742	0.985413290113	0.986885245902	0.99036918138	0.990212071778	0.993527508091	0.990228013029	0.992	0.988654781199	0.987012987013	0.983818770227	0.991869918699	0.991909385113	0.991909385113	0.987075928918	0.908779931585	0.939580764488	0.937264742785	0.865778688525	0.977134146341	0.943291839557	0.890625	0.921518987342	0.909645909646	0.878974358974	0.904713114754	0.978181818182	0.918552036199	0.899289099526	0.976816074189	0.974397590361	0.938271604938	0.952646239554	0.918392204629	0.955182072829	0.96191819464	0.904701397713	0.925287356322	0.936231884058	0.92	0.96486825596	0.951282051282	0.95953002611	0.945843828715
D7B6	0.989115646259	0.992258064516	0.993498049415	0.990666666667	0.986284289277	0.994652406417	0.984021304927	0.652298850575	0.740272373541	0.70106075217	0.706496519722	0.744476464938	0.0	0.73353909465	0.698212407992	0.6703187251	0.662626262626	0.687432867884	0.757714285714	0.739772727273	0.654807692308	0.745435016112	0.76840981857	0.97641509434	0.984542211653	0.985185185185	0.981412639405	0.983688833124	0.981412639405	0.980392156863	0.960559796438	0.939040207523	0.826589595376	0.880764904387	0.880694143167	0.937129300119	0.903614457831	0.939429928741	0.980148883375	0.991282689913	0.951776649746	0.978149100257	0.970512820513	0.978149100257	0.990691489362	0.972549019608	0.81847649919	0.812048192771	0.824	0.946084724005	0.817803660566	0.827315541601	0.812138728324	0.806741573034	0.916947250281	0.831809872029	0.861751152074	0.851887705712	0.891257995736	0.900677200903	0.899665551839	0.907954545455	0.837837837838	0.850706713781	0.849726775956	0.818950930626	0.882154882155	0.853432282004	0.874741200828	0.854021847071	0.789848619768	0.834498834499	0.773162939297	0.79820992677	0.864982578397	0.811959654179	0.817744154058	0.789552238806	0.990250696379	0.991666666667	0.986091794159	0.987359550562	0.990344827586	0.99020979021	0.993055555556	0.990223463687	0.993131868132	0.991678224688	0.991678224688	0.988934993084	0.994436717663	0.99306518724	0.99306518724	0.98891966759	0.883034773446	0.93591160221	0.926553672316	0.833172613308	0.984251968504	0.951632406288	0.871399176955	0.918459796149	0.906695938529	0.854406130268	0.885931558935	0.97950377562	0.90031152648	0.905620360551	0.977272727273	0.977835723598	0.931790499391	0.962378640777	0.910989010989	0.957002457002	0.962917181706	0.903409090909	0.923550087873	0.935455349248	0.907520325203	0.966592427617	0.956964892412	0.954703832753	0.946188340807
D7B7	0.989247311828	0.99162479062	0.994932432432	0.99127399651	0.987220447284	0.99649737303	0.979020979021	0.710084033613	0.694736842105	0.715071507151	0.689075630252	0.688372093023	0.73353909465	0.0	0.659493670886	0.693785310734	0.724944320713	0.738814993954	0.682148040639	0.667621776504	0.737060041408	0.667115902965	0.710317460317	0.974702380952	0.98343373494	0.987012987013	0.979365079365	0.983896940419	0.982594936709	0.978090766823	0.960912052117	0.93143812709	0.832402234637	0.889795918367	0.883507853403	0.928251121076	0.912698412698	0.934328358209	0.980982567353	0.995222929936	0.942810457516	0.975041597338	0.966887417219	0.971619365609	0.989547038328	0.971186440678	0.846708746619	0.862642169729	0.870384917518	0.931780366057	0.854243542435	0.850524475524	0.857254290172	0.849471114727	0.924760601915	0.869341563786	0.887249736565	0.882352941176	0.905972045743	0.919836956522	0.915436241611	0.913888888889	0.868635437882	0.89349112426	0.88591983556	0.859418931584	0.882352941176	0.887368421053	0.895377128954	0.897058823529	0.829365079365	0.87094017094	0.825108225108	0.856387665198	0.884920634921	0.865740740741	0.869309838473	0.852941176471	0.987012987013	0.990774907749	0.981481481481	0.985018726592	0.989031078611	0.990706319703	0.992619926199	0.988847583643	0.990892531876	0.988929889299	0.987060998152	0.985294117647	0.990723562152	0.990774907749	0.990774907749	0.985267034991	0.908302354399	0.937669376694	0.930651872399	0.873224043716	0.975903614458	0.946401225115	0.884568651276	0.920723226704	0.907754010695	0.892156862745	0.901548672566	0.975967957276	0.921568627451	0.897932816537	0.977312390925	0.976311336717	0.932721712538	0.953560371517	0.912985274431	0.967642526965	0.967136150235	0.906815020862	0.930470347648	0.936721991701	0.915254237288	0.969738651994	0.956399437412	0.950509461426	0.94452149792
D7B8	0.985790408526	0.988372093023	0.993311036789	0.986135181976	0.984152139461	0.994800693241	0.975736568458	0.701366982124	0.720956719818	0.676801801802	0.675561797753	0.701372997712	0.698212407992	0.659493670886	0.0	0.66628440367	0.686431014823	0.711656441718	0.666180758017	0.667140825036	0.727178423237	0.68253968254	0.719687092568	0.971935007386	0.979041916168	0.984516129032	0.977987421384	0.9792	0.979591836735	0.971962616822	0.952922077922	0.925124792013	0.827538247566	0.883310719132	0.875816993464	0.92899408284	0.906332453826	0.931851851852	0.979591836735	0.990506329114	0.945161290323	0.971947194719	0.970636215334	0.970247933884	0.986183074266	0.969798657718	0.831970935513	0.856517935258	0.866666666667	0.927272727273	0.841372912801	0.848432055749	0.85	0.848460291734	0.922554347826	0.855072463768	0.883403361345	0.87707641196	0.908176100629	0.919137466307	0.916223404255	0.913223140496	0.856850715746	0.886587771203	0.882172131148	0.847457627119	0.880434782609	0.88	0.900240384615	0.889140271493	0.817729083665	0.858125537403	0.825150732127	0.849206349206	0.8955078125	0.85503875969	0.8625	0.860958366064	0.987179487179	0.989051094891	0.981718464351	0.983333333333	0.987341772152	0.988970588235	0.990875912409	0.987132352941	0.989189189189	0.987226277372	0.987226277372	0.981785063752	0.990842490842	0.987202925046	0.989051094891	0.985454545455	0.911764705882	0.938255033557	0.934246575342	0.874186550976	0.977928692699	0.94376899696	0.885542168675	0.917012448133	0.911492734478	0.883315158124	0.899889988999	0.973474801061	0.916971916972	0.896020539153	0.972270363951	0.973154362416	0.928571428571	0.95245398773	0.910904255319	0.956856702619	0.96267496112	0.906206896552	0.932048681542	0.936082474227	0.915966386555	0.965800273598	0.950980392157	0.944927536232	0.947945205479
D7F1	0.986342943854	0.989985693848	0.994244604317	0.98962962963	0.98347107438	0.995548961424	0.980740740741	0.671984047856	0.699360341151	0.706002034588	0.691823899371	0.676691729323	0.6703187251	0.693785310734	0.66628440367	0.0	0.639433551198	0.683122847302	0.689119170984	0.68112244898	0.701960784314	0.729069767442	0.695284159613	0.976774193548	0.984354628422	0.983908045977	0.982288828338	0.984806629834	0.982288828338	0.979784366577	0.956399437412	0.93400286944	0.796414852753	0.871165644172	0.878077373974	0.930989583333	0.904142011834	0.932114882507	0.973901098901	0.993150684932	0.945224719101	0.975817923186	0.967375886525	0.975817923186	0.989660265879	0.971056439942	0.836837678722	0.843492586491	0.842342342342	0.943342776204	0.823426573427	0.832098765432	0.834323922734	0.826893353941	0.922518159806	0.85100286533	0.87922705314	0.87322515213	0.897142857143	0.912938331318	0.914285714286	0.914215686275	0.850520340587	0.863762743281	0.872865275142	0.841228070175	0.891696750903	0.869522882181	0.887912087912	0.879543094496	0.819852941176	0.846153846154	0.816045380875	0.84132231405	0.882620564149	0.840942562592	0.845505617978	0.82803030303	0.98753894081	0.990697674419	0.986046511628	0.985871271586	0.989230769231	0.990639625585	0.992248062016	0.989079563183	0.989247311828	0.989147286822	0.989147286822	0.984520123839	0.992223950233	0.990697674419	0.99226006192	0.986068111455	0.901895206243	0.941597139452	0.938106796117	0.848884381339	0.985486211901	0.950993377483	0.875687568757	0.920245398773	0.910059171598	0.86192893401	0.884028484232	0.980093676815	0.91270718232	0.903780068729	0.976261127596	0.975433526012	0.936339522546	0.957219251337	0.915976331361	0.958277254374	0.968960863698	0.901234567901	0.928238583411	0.93188268685	0.911860718172	0.968561064087	0.954264524104	0.951715374841	0.943833943834
D7F2	0.989230769231	0.992753623188	0.995620437956	0.992492492492	0.987465181058	0.996987951807	0.983483483483	0.684262948207	0.732704402516	0.646995708155	0.682458386684	0.684267241379	0.662626262626	0.724944320713	0.686431014823	0.639433551198	0.0	0.685185185185	0.682894736842	0.714824120603	0.619348054679	0.727058823529	0.716346153846	0.977777777778	0.984126984127	0.98606271777	0.97919556172	0.985994397759	0.982019363762	0.979480164159	0.954220314735	0.929824561404	0.802835051546	0.858040201005	0.862980769231	0.927152317881	0.898916967509	0.93253968254	0.97919556172	0.993045897079	0.942857142857	0.975433526012	0.966858789625	0.972463768116	0.987969924812	0.972099853157	0.824335904027	0.811433447099	0.802034428795	0.933236574746	0.815439219166	0.822742474916	0.813404417365	0.799203187251	0.912128712871	0.826771653543	0.857852882704	0.850574712644	0.884210526316	0.898263027295	0.903892944039	0.90625	0.820763956905	0.837320574163	0.849462365591	0.802559414991	0.863920099875	0.841893252769	0.870203160271	0.860192102455	0.785305343511	0.822647793505	0.78762541806	0.797752808989	0.856203007519	0.817700453858	0.811499272198	0.817551963048	0.992113564669	0.993710691824	0.987401574803	0.988853503185	0.992199687988	0.992076069731	0.995283018868	0.992088607595	0.990639625585	0.988958990536	0.985759493671	0.985849056604	0.992088607595	0.988941548183	0.990536277603	0.987421383648	0.889395667047	0.931790499391	0.921348314607	0.827945776851	0.985250737463	0.943166441137	0.855039637599	0.908291457286	0.895631067961	0.84012539185	0.874611398964	0.979833926453	0.891799544419	0.892271662763	0.977409638554	0.972017673049	0.936827956989	0.952316076294	0.904358353511	0.959072305593	0.955617198336	0.894339622642	0.920379146919	0.926032660903	0.899888765295	0.966871165644	0.949685534591	0.949677419355	0.936488169365
D7F3	0.989071038251	0.991496598639	0.994854202401	0.992920353982	0.983739837398	0.998223801066	0.982300884956	0.661909989023	0.689940828402	0.685941043084	0.748987854251	0.695804195804	0.687432867884	0.738814993954	0.711656441718	0.683122847302	0.685185185185	0.0	0.668148148148	0.67862266858	0.704812834225	0.681022880215	0.720529801325	0.975903614458	0.986301369863	0.98418972332	0.982343499197	0.986970684039	0.982343499197	0.981012658228	0.949916527546	0.924914675768	0.815186246418	0.86974789916	0.868632707775	0.92564491654	0.901351351351	0.923664122137	0.974110032362	0.993527508091	0.941956882255	0.976391231029	0.971571906355	0.971186440678	0.989380530973	0.968965517241	0.829493087558	0.835888187556	0.847580645161	0.932546374368	0.840075258702	0.843224092117	0.838915470494	0.83788254756	0.91782729805	0.857442348008	0.874193548387	0.858123569794	0.890625	0.909847434119	0.908469945355	0.900426742532	0.853277835588	0.872340425532	0.860021208908	0.838461538462	0.880886426593	0.867027027027	0.88184079602	0.872812135356	0.800204918033	0.852143482065	0.828844483058	0.831368993654	0.879396984925	0.842313787639	0.84973703982	0.823625922888	0.992495309568	0.994392523364	0.988785046729	0.988614800759	0.992592592593	0.992452830189	0.996261682243	0.992467043315	0.990740740741	0.988742964353	0.988742964353	0.985046728972	0.992467043315	0.990619136961	0.992509363296	0.98691588785	0.893401015228	0.93543956044	0.935754189944	0.850393700787	0.982638888889	0.942367601246	0.862327909887	0.904285714286	0.899182561308	0.854545454545	0.884353741497	0.979811574697	0.913965087282	0.889473684211	0.980565371025	0.975945017182	0.928460342146	0.949606299213	0.895460797799	0.957413249211	0.966666666667	0.896306818182	0.922037422037	0.932773109244	0.911656441718	0.965034965035	0.952857142857	0.949852507375	0.939351198872
D7F4	0.985507246377	0.988962472406	0.995545657016	0.990697674419	0.979166666667	0.997663551402	0.976744186047	0.711058263971	0.705725699068	0.683804627249	0.68	0.679194630872	0.757714285714	0.682148040639	0.666180758017	0.689119170984	0.682894736842	0.668148148148	0.0	0.707236842105	0.698911729141	0.641479099678	0.7015625	0.969754253308	0.98275862069	0.985645933014	0.977459016393	0.983298538622	0.977459016393	0.973790322581	0.951167728238	0.907284768212	0.792321116928	0.862944162437	0.87101910828	0.912713472486	0.895765472313	0.920454545455	0.973251028807	0.991718426501	0.92750533049	0.973913043478	0.965517241379	0.971677559913	0.986046511628	0.961883408072	0.835897435897	0.850894632207	0.849777777778	0.907894736842	0.850261780105	0.84516765286	0.850304612707	0.842297174111	0.922818791946	0.867141162515	0.885085574572	0.874837027379	0.896923076923	0.915	0.911475409836	0.907534246575	0.863689776733	0.892412231031	0.880952380952	0.853632478632	0.878333333333	0.874229346486	0.892753623188	0.886058981233	0.807825086306	0.871524448706	0.835892514395	0.839034205231	0.890147225368	0.861802575107	0.853858784893	0.853486319506	0.987405541562	0.989974937343	0.979899497487	0.982097186701	0.987623762376	0.989873417722	0.992481203008	0.987341772152	0.987654320988	0.984924623116	0.984924623116	0.977443609023	0.989898989899	0.98743718593	0.98743718593	0.985037406484	0.9	0.942148760331	0.922680412371	0.854005167959	0.97963800905	0.949806949807	0.871720116618	0.906574394464	0.894909688013	0.876447876448	0.897402597403	0.97868852459	0.92082111437	0.890453834116	0.972093023256	0.973273942094	0.928433268859	0.946534653465	0.904918032787	0.954274353877	0.963855421687	0.896907216495	0.928741092637	0.932121212121	0.906976744186	0.96404109589	0.949033391916	0.947080291971	0.936206896552
D7F5	0.98623853211	0.989473684211	0.991471215352	0.988913525499	0.980079681275	0.995545657016	0.973333333333	0.692671394799	0.665771812081	0.708641975309	0.687096774194	0.667549668874	0.739772727273	0.667621776504	0.667140825036	0.68112244898	0.714824120603	0.67862266858	0.707236842105	0.0	0.737931034483	0.684370257967	0.648177496038	0.969090909091	0.979704797048	0.97984496124	0.978431372549	0.982	0.976424361493	0.972920696325	0.953346855984	0.911578947368	0.81	0.866013071895	0.868421052632	0.914233576642	0.897637795276	0.911764705882	0.972386587771	0.990079365079	0.924180327869	0.970833333333	0.964948453608	0.964360587002	0.982222222222	0.963675213675	0.851042701092	0.864030858245	0.877133105802	0.930041152263	0.848920863309	0.8648905804	0.865709459459	0.863676341249	0.923824959481	0.870520231214	0.889417360285	0.888190954774	0.900297619048	0.9232	0.911111111111	0.905472636816	0.873576309795	0.893805309735	0.885283893395	0.864107883817	0.886217948718	0.882915173238	0.89606741573	0.890767230169	0.823136818687	0.872060206961	0.838193791157	0.859359844811	0.898901098901	0.87853577371	0.877276326207	0.87094017094	0.985645933014	0.988095238095	0.978520286396	0.980582524272	0.985882352941	0.985542168675	0.990476190476	0.985576923077	0.983529411765	0.980861244019	0.980861244019	0.97619047619	0.985576923077	0.983253588517	0.983253588517	0.978571428571	0.89519650655	0.927066450567	0.930807248764	0.869402985075	0.978401727862	0.942056074766	0.875706214689	0.911813643927	0.888	0.874213836478	0.89746835443	0.971291866029	0.921763869132	0.883969465649	0.966592427617	0.972340425532	0.931354359926	0.940726577438	0.8995215311	0.954198473282	0.96138996139	0.898839137645	0.923076923077	0.933884297521	0.90832157969	0.960199004975	0.945578231293	0.945422535211	0.933222036728
D7F6	0.99173553719	0.996088657106	0.997371879106	0.99460916442	0.988650693569	0.997293640054	0.986522911051	0.661553211889	0.728712871287	0.655935613682	0.685714285714	0.700100300903	0.654807692308	0.737060041408	0.727178423237	0.701960784314	0.619348054679	0.704812834225	0.698911729141	0.737931034483	0.0	0.722958057395	0.738410596026	0.983392645314	0.990419161677	0.987179487179	0.988778054863	0.989886219975	0.98625	0.983910891089	0.953246753247	0.936758893281	0.807600950119	0.861111111111	0.870575221239	0.93115942029	0.907284768212	0.934782608696	0.981155778894	0.996231155779	0.952442159383	0.981818181818	0.972762645914	0.977835723598	0.991913746631	0.973509933775	0.810032894737	0.806504065041	0.800597460792	0.941176470588	0.810126582278	0.817384370016	0.806286549708	0.795125666413	0.917139614075	0.824675324675	0.855004677268	0.844641101278	0.88996763754	0.898169336384	0.903370786517	0.899188876014	0.823367065317	0.835740072202	0.833178005592	0.810137457045	0.870412844037	0.828871892925	0.867368421053	0.859281437126	0.791031390135	0.817315329627	0.775100401606	0.789430222956	0.848484848485	0.803506208912	0.794636556104	0.801339285714	0.992947813822	0.995786516854	0.990154711674	0.991477272727	0.994421199442	0.994342291372	0.997191011236	0.994350282486	0.994428969359	0.992967651195	0.991549295775	0.990182328191	0.995768688293	0.994374120956	0.994374120956	0.990168539326	0.888771186441	0.932735426009	0.914450867052	0.817554240631	0.985372340426	0.948402948403	0.862827225131	0.909930715935	0.893258426966	0.833661417323	0.875	0.983695652174	0.900314795383	0.88779956427	0.981081081081	0.976158940397	0.936117936118	0.958024691358	0.905027932961	0.955112219451	0.965	0.909714285714	0.92280390417	0.931003584229	0.909836065574	0.970819304153	0.956422018349	0.957796014068	0.946712018141
