	pwA1	pwA2	pwA3	pwA5	pwA6	pwA7	pwE1	pwE2	pwE3	pwE4	pwE5	pwE6	pwE7	pwE8
pwA1	0.0	0.531048217239	0.578997119283	0.665005823246	0.543166016171	0.540835884407	0.832372832039	0.859371147081	0.662606739644	0.859227469783	0.846812143933	0.640842325805	0.825505615978	0.776915306087
pwA2	0.531048217239	0.0	0.661271733268	0.602286180147	0.625137772613	0.649549848376	0.877304629835	0.900747122908	0.741089085334	0.897987934178	0.884169794607	0.697761967911	0.875105689348	0.849227673921
pwA3	0.578997119283	0.661271733268	0.0	0.681285221016	0.501168726	0.520639848049	0.791753305794	0.831497162912	0.466209161504	0.830630641907	0.803665707446	0.759068985185	0.790249098934	0.718109089397
pwA5	0.665005823246	0.602286180147	0.681285221016	0.0	0.562862982623	0.72725885768	0.91022780719	0.928778561065	0.784759058017	0.922794112013	0.919278181814	0.805334881153	0.911060113985	0.873067641961
pwA6	0.543166016171	0.625137772613	0.501168726	0.562862982623	0.0	0.533768121	0.84784748131	0.877353751239	0.609375341161	0.867972719253	0.856772198927	0.693706137567	0.84492356895	0.791559274064
pwA7	0.540835884407	0.649549848376	0.520639848049	0.72725885768	0.533768121	0.0	0.773377548947	0.810039445446	0.636339695934	0.816545947688	0.778268908992	0.622233295567	0.765513290998	0.702028579008
pwE1	0.832372832039	0.877304629835	0.791753305794	0.91022780719	0.84784748131	0.773377548947	0.0	0.564925828987	0.752595801736	0.625865712833	0.513056360893	0.807854462939	0.581717896782	0.598593016454
pwE2	0.859371147081	0.900747122908	0.831497162912	0.928778561065	0.877353751239	0.810039445446	0.564925828987	0.0	0.769087017881	0.557242645324	0.490346656542	0.807118423525	0.530466306127	0.615786264197
pwE3	0.662606739644	0.741089085334	0.466209161504	0.784759058017	0.609375341161	0.636339695934	0.752595801736	0.769087017881	0.0	0.772832453865	0.757193321185	0.65681357898	0.745782918012	0.724410602999
pwE4	0.859227469783	0.897987934178	0.830630641907	0.922794112013	0.867972719253	0.816545947688	0.625865712833	0.557242645324	0.772832453865	0.0	0.5955969139	0.811771587523	0.595629080242	0.616148975261
pwE5	0.846812143933	0.884169794607	0.803665707446	0.919278181814	0.856772198927	0.778268908992	0.513056360893	0.490346656542	0.757193321185	0.5955969139	0.0	0.78931921256	0.518239222047	0.572749084491
pwE6	0.640842325805	0.697761967911	0.759068985185	0.805334881153	0.693706137567	0.622233295567	0.807854462939	0.807118423525	0.65681357898	0.811771587523	0.78931921256	0.0	0.820352015747	0.819636724532
pwE7	0.825505615978	0.875105689348	0.790249098934	0.911060113985	0.84492356895	0.765513290998	0.581717896782	0.530466306127	0.745782918012	0.595629080242	0.518239222047	0.820352015747	0.0	0.530889188319
pwE8	0.776915306087	0.849227673921	0.718109089397	0.873067641961	0.791559274064	0.702028579008	0.598593016454	0.615786264197	0.724410602999	0.616148975261	0.572749084491	0.819636724532	0.530889188319	0.0