	E19A1	E19A2	E19A3	E19A4	E19A5	E19A6	E19A7	E19A8	E19E1	E19E2	E19E3	E19E4	E19E5	E19E6	E19E7	E19E8
E19A1	0.0	0.750618577182	0.744459896332	0.650165254926	0.459697664758	0.583738192852	0.770087955354	0.674456826022	0.860318951038	0.752876158139	0.710180787083	0.658364788961	0.848543408767	0.645848760137	0.759468294533	0.779443370839
E19A2	0.750618577182	0.0	0.56165002077	0.58821723347	0.67631707273	0.704943199263	0.542686340732	0.553107334429	0.764633639762	0.774675359858	0.820152070653	0.849645108274	0.746807780527	0.82564250754	0.831638642562	0.780960465242
E19A3	0.744459896332	0.56165002077	0.0	0.54423955643	0.620094276581	0.623200707977	0.494518593437	0.518286405751	0.763387455074	0.768697285485	0.783434773971	0.843901822319	0.739150065921	0.796474561578	0.804818580794	0.795571529195
E19A4	0.650165254926	0.58821723347	0.54423955643	0.0	0.488161245462	0.469938051979	0.531434557243	0.414004226192	0.658364788961	0.664162256859	0.697718940201	0.729758529141	0.629088479113	0.711914609258	0.696870089761	0.680236233271
E19A5	0.459697664758	0.67631707273	0.620094276581	0.488161245462	0.0	0.429843414185	0.627192111109	0.49318210551	0.721721540934	0.736892484965	0.75594646824	0.778973794	0.717513410031	0.766692553595	0.75040184941	0.735574057686
E19A6	0.583738192852	0.704943199263	0.623200707977	0.469938051979	0.429843414185	0.0	0.628131264787	0.467897198794	0.715544799437	0.70920551211	0.737596850223	0.770720078022	0.688273221478	0.745760262963	0.720078021998	0.737217576622
E19A7	0.770087955354	0.542686340732	0.494518593437	0.531434557243	0.627192111109	0.628131264787	0.0	0.501833155737	0.741750799184	0.758637504741	0.777420578302	0.805486824758	0.730354530513	0.782712348065	0.788563997905	0.760046235258
E19A8	0.674456826022	0.553107334429	0.518286405751	0.414004226192	0.49318210551	0.467897198794	0.501833155737	0.0	0.637053224729	0.661398977767	0.685509942387	0.738192851596	0.601329263667	0.698098213802	0.701493615561	0.674258158898
E19E1	0.860318951038	0.764633639762	0.763387455074	0.658364788961	0.721721540934	0.715544799437	0.741750799184	0.637053224729	0.0	0.429066806336	0.474651881016	0.551572179378	0.404883599126	0.571330527913	0.498383572035	0.467806895555
E19E2	0.752876158139	0.774675359858	0.768697285485	0.664162256859	0.736892484965	0.70920551211	0.758637504741	0.661398977767	0.429066806336	0.0	0.375336379563	0.453972439452	0.409832216583	0.442413624953	0.427730318409	0.415467138652
E19E3	0.710180787083	0.820152070653	0.783434773971	0.697718940201	0.75594646824	0.737596850223	0.777420578302	0.685509942387	0.474651881016	0.375336379563	0.0	0.395275334573	0.523650418104	0.431812024779	0.47069659918	0.435803427911
E19E4	0.658364788961	0.849645108274	0.843901822319	0.729758529141	0.778973794	0.770720078022	0.805486824758	0.738192851596	0.551572179378	0.453972439452	0.395275334573	0.0	0.590312268598	0.267026675577	0.516353916451	0.449511459481
E19E5	0.848543408767	0.746807780527	0.739150065921	0.629088479113	0.717513410031	0.688273221478	0.730354530513	0.601329263667	0.404883599126	0.409832216583	0.523650418104	0.590312268598	0.0	0.55648467554	0.480070075313	0.503928190865
E19E6	0.645848760137	0.82564250754	0.796474561578	0.711914609258	0.766692553595	0.745760262963	0.782712348065	0.698098213802	0.571330527913	0.442413624953	0.431812024779	0.267026675577	0.55648467554	0.0	0.512037421662	0.500442485868
E19E7	0.759468294533	0.831638642562	0.804818580794	0.696870089761	0.75040184941	0.720078021998	0.788563997905	0.701493615561	0.498383572035	0.427730318409	0.47069659918	0.516353916451	0.480070075313	0.512037421662	0.0	0.499900666438
E19E8	0.779443370839	0.780960465242	0.795571529195	0.680236233271	0.735574057686	0.737217576622	0.760046235258	0.674258158898	0.467806895555	0.415467138652	0.435803427911	0.449511459481	0.503928190865	0.500442485868	0.499900666438	0.0