	KA1	KA2	KA3	KA4	KA5	KA6	KA7	KA8	KE1	KE2	KE3	KE4	KE5	KE6	KE7	KE8
KA1	0.0	0.249817469162	0.309015102025	0.253103024248	0.261249663759	0.334723129539	0.315490143335	0.496560734735	0.575567766975	0.346885447489	0.352322945087	0.330841947508	0.459286016216	0.59914306575	0.600545671137	0.402528532452
KA2	0.249817469162	0.0	0.206913115321	0.196614533297	0.355512431311	0.254793836222	0.210948007532	0.435633862353	0.585808707682	0.283153364332	0.331264650501	0.289071206241	0.395611574377	0.603427737002	0.584098681935	0.325154670868
KA3	0.309015102025	0.206913115321	0.0	0.247223609884	0.374380355839	0.342485493602	0.237424585943	0.438919417438	0.585462859778	0.314856088844	0.330534527149	0.329055066672	0.464781155132	0.597759674134	0.571532874765	0.314875302617
KA4	0.253103024248	0.196614533297	0.247223609884	0.0	0.387042231872	0.286707912231	0.257426123045	0.395419436652	0.580851554394	0.28084771164	0.336817430734	0.273508050571	0.41586289052	0.575106636437	0.562675325673	0.368308803751
KA5	0.261249663759	0.355512431311	0.374380355839	0.387042231872	0.0	0.387407293548	0.313011566691	0.628943626792	0.610325481305	0.473177573685	0.454847634785	0.480594089844	0.55009030473	0.618933251355	0.631114783077	0.478787995235
KA6	0.334723129539	0.254793836222	0.342485493602	0.286707912231	0.387407293548	0.0	0.271625100872	0.502651500596	0.628251930984	0.374034507935	0.405967797717	0.367713176805	0.399992314491	0.606213734005	0.607750835799	0.395861353418
KA7	0.315490143335	0.210948007532	0.237424585943	0.257426123045	0.313011566691	0.271625100872	0.0	0.51058678861	0.59606886216	0.355224224724	0.344118664259	0.358394497176	0.446105368328	0.567017638243	0.550071090958	0.352438227722
KA8	0.496560734735	0.435633862353	0.438919417438	0.395419436652	0.628943626792	0.502651500596	0.51058678861	0.0	0.659551166276	0.457710486877	0.520712446682	0.399761749222	0.555508588556	0.657783499212	0.621046766322	0.449717557545
KE1	0.575567766975	0.585808707682	0.585462859778	0.580851554394	0.610325481305	0.628251930984	0.59606886216	0.659551166276	0.0	0.528301886792	0.505379856281	0.539253737079	0.599085424432	0.579602659186	0.56375129693	0.554663182569
KE2	0.346885447489	0.283153364332	0.314856088844	0.28084771164	0.473177573685	0.374034507935	0.355224224724	0.457710486877	0.528301886792	0.0	0.198170848864	0.139030857319	0.300541828383	0.446239864735	0.428236559966	0.257233985321
KE3	0.352322945087	0.331264650501	0.330534527149	0.336817430734	0.454847634785	0.405967797717	0.344118664259	0.520712446682	0.505379856281	0.198170848864	0.0	0.208546285978	0.351573607962	0.366752488184	0.342754486416	0.252910886523
KE4	0.330841947508	0.289071206241	0.329055066672	0.273508050571	0.480594089844	0.367713176805	0.358394497176	0.399761749222	0.539253737079	0.139030857319	0.208546285978	0.0	0.289551550551	0.439668754563	0.430868846789	0.25675364101
KE5	0.459286016216	0.395611574377	0.464781155132	0.41586289052	0.55009030473	0.399992314491	0.446105368328	0.555508588556	0.599085424432	0.300541828383	0.351573607962	0.289551550551	0.0	0.494351150905	0.530914959843	0.372170772009
KE6	0.59914306575	0.603427737002	0.597759674134	0.575106636437	0.618933251355	0.606213734005	0.567017638243	0.657783499212	0.579602659186	0.446239864735	0.366752488184	0.439668754563	0.494351150905	0.0	0.164911808785	0.437247819237
KE7	0.600545671137	0.584098681935	0.571532874765	0.562675325673	0.631114783077	0.607750835799	0.550071090958	0.621046766322	0.56375129693	0.428236559966	0.342754486416	0.430868846789	0.530914959843	0.164911808785	0.0	0.436556123429
KE8	0.402528532452	0.325154670868	0.314875302617	0.368308803751	0.478787995235	0.395861353418	0.352438227722	0.449717557545	0.554663182569	0.257233985321	0.252910886523	0.25675364101	0.372170772009	0.437247819237	0.436556123429	0.0